.Random.seed <-
c(10403L, 10L, -1912776717L, -1562333423L, 1551511360L, -1281370338L, 
1947387881L, -108434149L, -1280129238L, -642607028L, -524718065L, 
387267397L, -56988420L, 1581292370L, 989363405L, -980059001L, 
1386694510L, -1972340408L, -1734542005L, 218849449L, -121830920L, 
-369282778L, 1663480385L, 1080916947L, 1723681154L, 1885978036L, 
-597997257L, 564141101L, -1587115708L, 1849720426L, -1660061483L, 
452712047L, 973079414L, -175819616L, 1130999139L, -993411583L, 
-93192848L, 317414670L, 91889529L, -280584437L, -1023156166L, 
1073606460L, 17878143L, 1635180501L, 23122412L, 1306829634L, 
675998877L, -1907616489L, -316330882L, 2102002744L, 1906893595L, 
1035667577L, 445370568L, 892893430L, 282724657L, -3391133L, 1360188210L, 
-181068668L, -115169081L, -1000139875L, 1590728468L, -1715712582L, 
879176709L, 633979359L, 1289536614L, -1133870096L, -1491682029L, 
529605297L, 329485664L, -117374210L, -192135543L, 179562939L, 
258790282L, -1275266452L, -1150405649L, -1094108123L, -35969828L, 
1468644018L, 1673059757L, 317055335L, 664141454L, 1576740712L, 
1570152299L, 729893129L, -1471389800L, 155166406L, 560460833L, 
-391159629L, 452999714L, -1947501548L, -2136477545L, -29326707L, 
-1628073052L, -2146062966L, -927671819L, 1562195023L, 1807512406L, 
73132544L, -1782660285L, -1699380511L, 578523216L, -1157451602L, 
685859929L, 6722667L, 1185307098L, -1979719012L, -1916584801L, 
1609985781L, -969731188L, 1161667170L, -1752558019L, 1712158903L, 
-1905522850L, 1883327128L, 910760443L, 1647100825L, 1125424168L, 
-1650733866L, 1604352337L, -252028925L, 257851282L, -1631441628L, 
-131750937L, -616105923L, -1917180236L, 1044491546L, -2141208987L, 
-819916033L, 337823622L, -653756144L, 205588915L, 125915729L, 
1372504576L, -690299170L, 565155113L, -789899045L, -1560649750L, 
-1535164532L, -563875633L, -1304530811L, 885822268L, 1796647442L, 
541499661L, -521754041L, 1307521070L, 2026440072L, -1588503413L, 
1348859497L, 1861560888L, -1253147930L, -1886136703L, -1387693549L, 
1414479298L, -888719756L, 103368823L, 1063250285L, -1529524732L, 
1575140650L, -1472030059L, -392974033L, -344914890L, 1138663520L, 
-1534835037L, -881671743L, 900201904L, -255855410L, 66314809L, 
381809739L, 1580406266L, -581136132L, 848004415L, 2146581013L, 
-636153556L, -1063615998L, -1347202851L, 1243522007L, -132211010L, 
-2069452552L, -1863887141L, 126463289L, -1028966264L, -1657946058L, 
-1947667343L, 1514618531L, -730729486L, 1068009284L, 952895495L, 
1997071837L, 972563156L, 456306170L, -777109179L, -779549281L, 
-1001441498L, -165079120L, 1137423443L, -1896878223L, -1926519136L, 
-325203394L, -259727031L, 377217019L, 1384088522L, -715186900L, 
1375039791L, 1418321893L, -328630628L, -1481012494L, -1944966291L, 
1481708711L, 2099269326L, -145382360L, -486492117L, -586057143L, 
1533793112L, -213819898L, 1416243169L, 1353561459L, 894901730L, 
692949332L, 698245207L, -443683763L, -2000265244L, -1491210806L, 
363525173L, 1299305103L, -613446762L, -26192064L, -539149821L, 
1698488353L, 1445579536L, 2132877136L, -1069194974L, -50124216L, 
-591538164L, -1526625188L, -1675734574L, 775984640L, -974687916L, 
1325932776L, 1952895226L, 387557072L, 396609836L, -347621132L, 
-986993262L, -1859155616L, -195573748L, 2056858336L, 309994082L, 
290749096L, -1907819956L, -377731204L, 742231346L, -269097360L, 
1416788804L, 521897944L, 1493573498L, 1981623856L, 1816745916L, 
105485908L, 1286277186L, -79724384L, -783159620L, -1111291440L, 
-2004229278L, 315785960L, 495468748L, -456064516L, -167695886L, 
62552704L, 1133934068L, -338205048L, 2049072954L, -1236401328L, 
1207694444L, -118064748L, -548887470L, 992668128L, 577027276L, 
-127783776L, 908563842L, -571989784L, 974651116L, -1859842756L, 
-124732302L, -1820598160L, -1856505820L, 1833380920L, -1000605926L, 
-228000560L, -848881860L, -1666590828L, 488770434L, -845106752L, 
-177713604L, 392177040L, 369010210L, -1020224248L, -2138995060L, 
982603548L, 2069995666L, -1977562752L, -108798444L, 591712040L, 
-1935306182L, 925734352L, 1037764972L, -242605132L, 1351763986L, 
-2004881952L, 1149616076L, -195387168L, 1938020386L, 1574732072L, 
723795468L, -137699524L, -454657038L, -1440306448L, -1351178684L, 
694329944L, -718676166L, 2099541488L, -1074835780L, 219928852L, 
2070215362L, -14660512L, 2138338172L, 634603472L, -414531294L, 
-1527903576L, -853216372L, -1597527876L, 446981938L, -662730176L, 
-838638412L, 719649352L, 1962810810L, 1238759952L, 362072812L, 
336021844L, 472826130L, 264945056L, 1413618380L, -1118945696L, 
977526722L, -874938584L, -910307412L, -1832963268L, -1185216142L, 
-1365820624L, -1610971868L, 600546104L, -1798990118L, 1400512400L, 
1255304956L, 108757908L, -2010646462L, -1474763520L, -1269873604L, 
-2011528880L, 708495522L, -1983243960L, -220559604L, -905006372L, 
-1790005934L, 511818880L, -2010087340L, 1327093736L, -548560646L, 
-99136688L, 307879724L, -610461324L, -1007531118L, -572381088L, 
1398924684L, 298220384L, 382454242L, -2052035672L, -1682654004L, 
932296700L, -1095178830L, -1870754320L, -946308156L, -552411816L, 
1485631866L, 159878064L, 1681080764L, 1121634388L, -536039486L, 
1754495008L, 1156257980L, 1154007632L, -1929229342L, -974509976L, 
-955958196L, -4687620L, 1019706354L, -1954686720L, -1179106956L, 
-1864072184L, 940113850L, 647270864L, -152413204L, 468089236L, 
1682538962L, 1267945824L, -1744965812L, 1671391520L, 84039554L, 
992857832L, -815259412L, 1574593596L, 528563058L, 2127955568L, 
815090724L, -2098527432L, 1655487642L, -426014000L, 2010325180L, 
985030292L, -825790846L, 1696512192L, -1865540804L, -168350576L, 
-737804766L, 1434910728L, -1868806900L, 423322780L, 1393188370L, 
-1441665152L, -2139576812L, -126418392L, 2053147962L, 1233805776L, 
-1753211796L, 1954232628L, 178744978L, -907971744L, -1017961652L, 
1064728544L, -1933232222L, -561956952L, -2131620468L, -670863172L, 
789000562L, -2078315280L, 785231940L, -724657832L, -2050040262L, 
538483568L, -403466180L, -1673152748L, 139533762L, 1467929312L, 
-566792324L, 1774886608L, 1187565730L, -1364917208L, 1856090802L, 
1670145543L, -428759471L, 1380261334L, -209325900L, 977349829L, 
315354639L, 339289736L, 735939494L, -378191021L, 451366069L, 
-540628462L, -1211029536L, 1978038857L, -1317228421L, 955867468L, 
1685468378L, -1018383153L, 2038390937L, 575225006L, -2136077892L, 
-1893862867L, -1693563433L, -721269728L, 1614754174L, -1537466549L, 
205481293L, -477549702L, 990621112L, -224178335L, -77240557L, 
102498100L, -1826149054L, 1453318487L, 658975905L, -192957082L, 
-1665788060L, 1380144789L, 1922518975L, -1195895976L, -1012502154L, 
-605228157L, -1808633403L, -50522398L, -1459488944L, 1107382905L, 
83776939L, -598107364L, -1916310454L, -173672385L, -1237587831L, 
-1053152098L, -242919092L, 948257053L, -194884441L, 41032656L, 
737633134L, 1138729499L, -164224131L, 1701724522L, -1586642936L, 
-2030081871L, -112556253L, 391808036L, 934794962L, -75746521L, 
-1604946575L, 1646689206L, 984276820L, -541664795L, -1187363857L, 
1866208040L, 1181946758L, 355708851L, 777422613L, -1634422414L, 
-23104064L, -1233852887L, -1604633957L, -2040413332L, -606397574L, 
-141597521L, 552341433L, -1214510642L, -73601764L, 1314850957L, 
-976231177L, 1924055040L, 1709171294L, 1140063531L, 1388772909L, 
1132906138L, 446894680L, -822743615L, -749841805L, -273363052L, 
1876647458L, 897737015L, -560189439L, 19975430L, -1985316540L, 
-784438155L, -1763639841L, 292489528L, 833684246L, -686367965L, 
1272131813L, -1909486334L, 1356644208L, -2132697319L, 952448779L, 
-512945156L, -411127766L, -584131489L, -552332311L, 326343934L, 
-773794580L, 1513195581L, -2145272825L, 1926047728L, 2143032206L, 
1804767675L, 1573080989L, -1873273526L, 1903678824L, 1567046481L, 
-542476221L, 604021060L, -348513806L, -1840378937L, -544621167L, 
61944086L, -278445708L, 1184479237L, 679886927L, 942851144L, 
1877916134L, 578995987L, -885206923L, -90148270L, -2119535456L, 
1714441609L, -310182469L, -198505972L, 1218167706L, -995579121L, 
-1266284199L, 1278770158L, 1706607228L, 1008386797L, -1196173929L, 
